InfinitiQX60_260|62747|29|40973.00|45636.58|true|43912.42|2939.42
Ram1500_144|90135|24|38041.00|43907.31|false|0.00|0.00
GenesisG70_261|89018|30|46309.00|55563.53|true|57218.38|10909.38
Toyota4Runner_007|84131|35|13465.00|16441.70|false|0.00|0.00
GMCTerrain_152|39816|28|11660.00|12950.90|false|0.00|0.00
JeepCompass_134|53359|18|21917.00|25624.17|false|0.00|0.00
VolkswagenJetta_101|66069|41|20624.00|22879.03|false|0.00|0.00
MitsubishiEclipseCross_278|42079|35|19694.00|22870.95|false|0.00|0.00
LandRoverDiscovery_289|25176|27|61141.00|70019.06|false|0.00|0.00
HyundaiTucson_059|40697|28|16232.00|19327.84|false|0.00|0.00
CadillacXT4_246|52541|22|45004.00|49537.37|false|0.00|0.00
NissanMaxima_046|91752|41|18231.00|20477.42|false|0.00|0.00
InfinitiQX50_258|81233|26|39751.00|44069.91|true|40651.69|900.69
AcuraRDX_180|51515|27|28577.00|34432.51|false|0.00|0.00
LandRoverEvoque_288|77013|29|24473.00|28864.23|false|0.00|0.00
GenesisGV80_268|81889|25|53296.00|61496.58|false|0.00|0.00
MercedesE350_082|46752|24|58333.00|65057.31|false|0.00|0.00
HyundaiSantaFe_054|18104|42|9400.00|11098.06|false|0.00|0.00
MiniClubman_299|50820|38|7873.00|9150.27|false|0.00|0.00
MazdaMazda3_127|32802|39|18626.00|22717.66|false|0.00|0.00
VolvoS60_193|45700|25|57821.00|64699.22|false|0.00|0.00
Porsche911_203|19813|20|41340.00|47094.79|false|0.00|0.00
HondaPilot_014|105704|34|6666.00|7561.63|false|0.00|0.00
HyundaiSantaFe_060|95111|30|22942.00|28171.33|false|0.00|0.00
MiniClubman_293|30430|39|19053.00|22896.87|false|0.00|0.00
HondaAccord_019|71784|28|23171.00|25804.07|true|24107.57|936.57
BuickEnclave_232|76874|42|17655.00|20429.23|false|0.00|0.00
MazdaMX5_126|49092|36|7940.00|9322.72|false|0.00|0.00
MitsubishiOutlander_274|63947|25|25732.00|30821.16|false|0.00|0.00
LandRoverDefender_283|81259|22|37314.00|43926.76|false|0.00|0.00
PorschePanamera_204|25322|21|57350.00|69116.80|false|0.00|0.00
JeepWrangler_137|41816|19|29825.00|32853.22|true|32506.21|2681.21
DodgeDurango_213|20220|39|10184.00|11561.08|false|0.00|0.00
HyundaiTucson_053|46441|38|9377.00|10327.80|false|0.00|0.00
BuickEncore_237|16957|26|9797.00|10913.71|true|11088.80|1291.80
ChryslerPacifica_223|106498|34|9934.00|12102.56|false|0.00|0.00
LandRoverRangeRover_290|89885|31|24851.00|29486.75|false|0.00|0.00
MiniCooper_297|42363|27|9748.00|11838.63|false|0.00|0.00
VolkswagenPassat_108|16003|24|21044.00|23576.75|false|0.00|0.00
HyundaiPalisade_055|50745|28|9254.00|11399.92|false|0.00|0.00
NissanSentra_042|6934|41|11668.00|14456.13|false|0.00|0.00
GMCCanyon_160|54081|20|39958.00|43656.19|false|0.00|0.00
RamProMaster_143|23164|19|26132.00|28594.01|false|0.00|0.00
ChevroletSilverado_031|105447|18|24003.00|27072.48|false|0.00|0.00
AudiA4_097|44347|31|56163.00|65045.27|false|0.00|0.00
DodgeCharger_211|86205|24|21371.00|24559.57|false|0.00|0.00
SubaruImpreza_120|14038|35|24796.00|29684.07|false|0.00|0.00
CadillacCT5_244|89490|26|51853.00|61238.25|false|0.00|0.00
ChevroletMalibu_040|29050|37|16127.00|18858.82|false|0.00|0.00
ChryslerPacifica_229|44535|40|22009.00|26333.79|true|27645.64|5636.64
HyundaiKona_056|62433|29|24800.00|29897.17|false|0.00|0.00
VolvoV60_195|47599|31|35055.00|42764.46|false|0.00|0.00
FordExplorer_030|84507|40|18556.00|23095.81|false|0.00|0.00
MercedesE350_088|37444|22|35050.00|39174.77|true|41051.70|6001.70
SubaruOutback_117|56990|36|13498.00|15001.67|false|0.00|0.00
AcuraIntegra_174|84931|22|49410.00|60273.69|false|0.00|0.00
InfinitiQX60_251|18693|18|39832.00|45933.21|false|0.00|0.00
ToyotaCorolla_002|16395|41|26349.00|30651.48|true|29070.57|2721.57
TeslaModelY_190|13140|115|45915.00|49950.78|false|0.00|0.00
GenesisG80_262|65104|21|60592.00|69562.89|true|71870.16|11278.16
TeslaModelS_187|31076|113|38902.00|44713.96|false|0.00|0.00
MiniClubman_296|11839|32|25524.00|31423.04|true|32364.66|6840.66
VolkswagenTaos_106|49057|36|20248.00|24472.28|false|0.00|0.00
PorschePanamera_208|81048|24|37199.00|41322.00|false|0.00|0.00
JeepGrandCherokee_138|17965|19|19786.00|22682.73|false|0.00|0.00
FordEscape_029|21828|28|22574.00|28037.52|false|0.00|0.00
KiaSoul_066|51898|25|13883.00|16691.67|false|0.00|0.00
VolkswagenJetta_107|86560|28|19824.00|21886.59|false|0.00|0.00
LandRoverRangeRover_282|59374|28|30450.00|35669.28|false|0.00|0.00
GMCYukon_154|96715|33|16657.00|20678.02|false|0.00|0.00
ChevroletEquinox_039|109935|34|8236.00|9366.79|false|0.00|0.00
ChevroletSilverado_038|100259|15|30140.00|36110.73|false|0.00|0.00
AcuraIntegra_178|57968|29|47302.00|57642.68|false|0.00|0.00
Ram1500_141|26953|22|44939.00|48886.50|false|0.00|0.00
JeepWrangler_131|52135|18|39756.00|45710.92|false|0.00|0.00
DodgeChallenger_212|96891|38|12972.00|15532.49|true|14365.03|1393.03
VolkswagenGolf_105|68993|31|14190.00|16189.94|false|0.00|0.00
VolvoXC60_196|39091|19|46993.00|54917.46|false|0.00|0.00
JeepRenegade_136|111641|24|31569.00|36355.33|false|0.00|0.00
FordExplorer_023|64470|29|7106.00|8833.27|false|0.00|0.00
RamProMaster_146|93399|24|17197.00|19830.82|false|0.00|0.00
Chrysler300_226|47437|42|7517.00|8465.17|true|8604.20|1087.20
BuickEnvision_239|92819|34|9695.00|11261.92|false|0.00|0.00
InfinitiQ50_253|53242|19|50174.00|55859.05|false|0.00|0.00
FordEdge_026|5074|40|28024.00|32189.02|false|0.00|0.00
MitsubishiEclipseCross_275|70715|39|11943.00|14853.01|false|0.00|0.00
TeslaModel3_185|33978|134|63456.00|68760.28|true|68901.30|5445.30
GMCSierra_151|98662|24|36084.00|43013.58|false|0.00|0.00
FordF150_028|23226|16|41983.00|47790.04|true|48692.23|6709.23
SubaruLegacy_116|106946|27|9475.00|11793.61|true|11328.40|1853.40
TeslaModelY_182|12116|130|38693.00|43605.04|false|0.00|0.00
ChevroletTahoe_034|13834|31|8504.00|10450.95|false|0.00|0.00
HondaHRV_016|90909|30|20722.00|24023.94|false|0.00|0.00
MiniCooper_291|63222|31|27007.00|30861.96|false|0.00|0.00
Porsche911_207|26449|19|36785.00|44260.33|false|0.00|0.00
KiaForte_067|107251|35|20554.00|25335.28|false|0.00|0.00
KiaTelluride_064|76511|28|8180.00|10022.05|false|0.00|0.00
FordMustang_024|70612|32|12854.00|15118.26|true|15137.75|2283.75
LexusES350_167|87806|18|30017.00|35575.37|true|34616.21|4599.21
ToyotaHighlander_004|33893|37|21719.00|25810.64|false|0.00|0.00
GMCAcadia_158|105022|25|10800.00|12642.21|false|0.00|0.00
AcuraTLX_177|82946|21|40802.00|46025.78|true|46799.55|5997.55
ChevroletColorado_036|87525|24|27491.00|30491.91|false|0.00|0.00
GMCAcadia_153|82993|33|20927.00|25911.37|false|0.00|0.00
InfinitiQX60_254|71783|27|56533.00|66712.10|true|64803.08|8270.08
MiniCountryman_298|24313|40|21335.00|23762.01|false|0.00|0.00
InfinitiQ50_259|18205|32|42516.00|49705.08|false|0.00|0.00
KiaK5_068|36029|28|12324.00|15361.01|false|0.00|0.00
MazdaCX5_129|99381|31|17548.00|20588.83|false|0.00|0.00
TeslaModelS_183|28049|132|70587.00|76800.88|false|0.00|0.00
TeslaModelY_186|16908|119|33923.00|38109.00|true|38199.97|4276.97
AudiA6_098|18155|25|40725.00|45943.47|false|0.00|0.00
GenesisG70_269|89857|28|36448.00|43872.81|false|0.00|0.00
Ram2500_145|50974|22|46185.00|53141.52|false|0.00|0.00
LexusIS350_170|71242|31|52947.00|59790.28|false|0.00|0.00
HyundaiSonata_058|39664|28|10782.00|13299.13|false|0.00|0.00
AcuraMDX_171|32983|24|61280.00|71145.40|false|0.00|0.00
JeepCherokee_139|95606|17|35557.00|41613.60|true|39822.72|4265.72
BMWX3_078|83574|24|29506.00|33358.50|true|34703.67|5197.67
BuickEncore_234|99481|41|12404.00|14444.59|false|0.00|0.00
BMWX5_073|51025|24|40258.00|48459.45|false|0.00|0.00
Chrysler300_228|82812|40|8281.00|9670.56|false|0.00|0.00
NissanPathfinder_050|82924|42|6748.00|8049.74|false|0.00|0.00
MazdaCX9_125|41559|26|21771.00|24744.47|false|0.00|0.00
GMCYukon_159|81720|29|17532.00|20954.56|true|20226.07|2694.07
GMCSierra_156|23970|15|25501.00|30484.64|false|0.00|0.00
BuickEnclave_238|77924|28|8965.00|10650.15|false|0.00|0.00
KiaForte_061|17097|25|27784.00|32327.69|false|0.00|0.00
BuickEncore_231|15589|26|17554.00|20911.11|true|19985.84|2431.84
GenesisG80_270|69462|19|50980.00|59940.56|false|0.00|0.00
GenesisGV70_267|17876|30|33609.00|40806.54|false|0.00|0.00
AcuraTLX_173|74550|23|39509.00|47350.19|false|0.00|0.00
ChevroletCamaro_037|17704|27|21124.00|24359.03|false|0.00|0.00
ToyotaSienna_008|15328|36|25089.00|28701.23|false|0.00|0.00
LandRoverDefender_287|46770|19|28628.00|33234.90|false|0.00|0.00
VolvoXC60_191|73230|21|60217.00|67272.87|false|0.00|0.00
AudiQ7_094|81259|26|52680.00|59953.83|false|0.00|0.00
VolkswagenAtlas_104|59921|36|24636.00|29861.97|false|0.00|0.00
MiniCooper_294|65513|38|16233.00|19750.99|false|0.00|0.00
MiniCooper_300|35903|35|19653.00|24550.11|false|0.00|0.00
MiniCountryman_295|26241|37|13543.00|16525.02|false|0.00|0.00
AcuraMDX_175|71483|26|44618.00|50859.74|false|0.00|0.00
MitsubishiOutlander_280|38029|33|26749.00|32927.80|false|0.00|0.00
ChryslerPacifica_221|11629|24|19117.00|21727.15|false|0.00|0.00
GenesisGV70_263|52500|29|36520.00|41631.64|false|0.00|0.00
MercedesGLE350_090|58328|21|54399.00|62447.79|false|0.00|0.00
SubaruImpreza_114|92747|39|8412.00|9964.82|false|0.00|0.00
NissanRogue_043|68092|39|14004.00|17220.68|false|0.00|0.00
VolkswagenAtlas_110|104775|34|17338.00|19795.46|false|0.00|0.00
SubaruAscent_115|26992|35|26853.00|31984.26|false|0.00|0.00
BMWX5_079|33825|26|45869.00|52829.88|false|0.00|0.00
GMCTerrain_157|81955|42|6533.00|8165.83|false|0.00|0.00
MercedesGLE350_084|8053|31|46352.00|52583.08|false|0.00|0.00
PorscheCayenne_206|46684|25|44198.00|52883.26|false|0.00|0.00
ChryslerPacifica_225|22275|24|7486.00|8636.87|false|0.00|0.00
MercedesGLC300_083|30810|24|62338.00|72829.03|false|0.00|0.00
MiniCountryman_292|35671|38|24498.00|27826.67|false|0.00|0.00
Chrysler300_222|105290|26|19685.00|22265.18|false|0.00|0.00
PorscheMacan_205|43720|26|32783.00|37072.21|false|0.00|0.00
MitsubishiMirage_276|98626|34|7574.00|8904.62|false|0.00|0.00
LandRoverEvoque_284|76995|29|28124.00|33116.66|false|0.00|0.00
FordF150_021|81352|22|23066.00|27599.15|true|27977.09|4911.09
VolkswagenTiguan_109|39099|25|19422.00|22317.88|false|0.00|0.00
FordEscape_022|103419|41|12610.00|15324.80|false|0.00|0.00
KiaSportage_069|8248|37|14076.00|17038.78|false|0.00|0.00
JeepCherokee_133|104124|20|25890.00|28802.88|false|0.00|0.00
PorscheCayenne_210|57941|27|63847.00|77435.88|true|73594.82|9747.82
ChryslerPacifica_227|19896|40|9082.00|10638.99|false|0.00|0.00
MazdaMazda6_128|77848|32|7332.00|8633.39|false|0.00|0.00
NissanSentra_048|25635|40|8863.00|11026.61|true|10410.85|1547.85
MitsubishiEclipseCross_272|53331|25|16406.00|18235.43|false|0.00|0.00
AudiQ5_099|78798|32|27280.00|30460.98|false|0.00|0.00
SubaruCrosstrek_113|31130|31|7667.00|9148.27|false|0.00|0.00
VolkswagenTiguan_103|54857|42|22629.00|24911.91|false|0.00|0.00
SubaruForester_112|90215|31|7840.00|9542.73|false|0.00|0.00
AudiA3_095|74162|31|49966.00|59942.63|false|0.00|0.00
ChevroletEquinox_032|64177|40|10965.00|12469.24|true|11505.80|540.80
KiaTelluride_070|39970|31|12216.00|14880.39|true|15377.12|3161.12
MercedesA220_085|50237|28|52473.00|60502.12|false|0.00|0.00
LexusNX350_168|22871|21|52241.00|63402.15|false|0.00|0.00
HondaCRV_013|40382|36|27971.00|33655.39|false|0.00|0.00
BuickEnvision_233|64469|33|23565.00|28061.53|true|28376.70|4811.70
GenesisG80_266|41550|20|34928.00|39148.00|false|0.00|0.00
NissanRogue_049|93501|26|13107.00|15211.54|false|0.00|0.00
LexusRX350_166|45752|20|50712.00|61143.54|false|0.00|0.00
PorscheMacan_201|25927|30|63172.00|70225.76|false|0.00|0.00
BuickEnvision_236|92177|34|11865.00|13717.66|false|0.00|0.00
MitsubishiOutlander_277|62595|38|24172.00|28484.58|false|0.00|0.00
DodgeChallenger_216|90841|37|8629.00|10570.99|false|0.00|0.00
VolkswagenPassat_102|105898|36|19680.00|24440.78|false|0.00|0.00
LandRoverDiscovery_285|10389|23|53709.00|61070.57|false|0.00|0.00
BMW530i_080|51279|32|62839.00|71490.04|false|0.00|0.00
MercedesC300_081|47363|29|55234.00|62807.36|false|0.00|0.00
HondaCivic_011|88320|38|15225.00|17118.96|false|0.00|0.00
VolvoXC90_197|46696|29|23437.00|28531.11|false|0.00|0.00
DodgeHornet_218|18022|35|19036.00|22494.27|false|0.00|0.00
HyundaiSonata_052|39814|31|19969.00|22357.93|false|0.00|0.00
BMWM340i_076|84099|20|33073.00|36532.13|false|0.00|0.00
LandRoverRangeRover_286|71736|30|34583.00|38981.44|false|0.00|0.00
SubaruForester_118|18356|31|16882.00|20723.40|false|0.00|0.00
VolvoXC40_199|87482|32|48303.00|57960.73|false|0.00|0.00
TeslaModelX_184|36971|131|52904.00|62184.10|false|0.00|0.00
HondaRidgeline_017|23301|32|15081.00|18274.38|false|0.00|0.00
DodgeCharger_219|12936|35|23571.00|26903.52|false|0.00|0.00
NissanAltima_047|101434|42|19739.00|21893.39|true|21498.93|1759.93
LexusES350_162|80102|30|19454.00|22461.18|false|0.00|0.00
MitsubishiMirage_273|85610|26|21686.00|25504.04|false|0.00|0.00
AcuraMDX_179|27936|28|54461.00|66212.54|false|0.00|0.00
SubaruCrosstrek_119|109363|27|20488.00|24941.99|false|0.00|0.00
AcuraRDX_176|67682|24|43088.00|51893.13|false|0.00|0.00
VolvoV60_200|87569|21|35102.00|39534.70|false|0.00|0.00
NissanFrontier_045|49388|22|31861.00|37073.17|false|0.00|0.00
LexusIS350_165|73338|30|62986.00|72625.69|true|69337.00|6351.00
PorscheMacan_209|67609|19|46155.00|54497.03|false|0.00|0.00
MercedesC300_087|89167|28|39252.00|43617.08|false|0.00|0.00
CadillacXT5_249|28631|23|46251.00|52605.72|false|0.00|0.00
AudiA4_091|8726|29|31258.00|37303.62|false|0.00|0.00
BuickEncore_240|99510|37|7295.00|9084.17|false|0.00|0.00
ChevroletTraverse_035|33080|39|24669.00|27625.50|false|0.00|0.00
MercedesGLA250_086|70021|26|33120.00|39050.54|false|0.00|0.00
VolvoXC40_194|85014|23|33851.00|39831.55|false|0.00|0.00
TeslaModel3_189|18003|114|62810.00|70422.90|false|0.00|0.00
RamProMaster_149|73592|24|27543.00|29854.32|false|0.00|0.00
VolvoS60_198|9061|22|68020.00|81883.03|false|0.00|0.00
FordRanger_027|43385|19|19898.00|22064.98|false|0.00|0.00
LexusRX350_161|72942|24|40888.00|48227.81|false|0.00|0.00
LexusGX460_169|73323|20|41127.00|47751.11|false|0.00|0.00
TeslaModelX_188|23258|111|31677.00|35140.46|false|0.00|0.00
KiaK5_062|48719|24|11286.00|13493.17|false|0.00|0.00
MercedesGLC300_089|17545|27|51846.00|59609.05|false|0.00|0.00
InfinitiQX50_252|65939|27|49143.00|55668.21|false|0.00|0.00
CadillacEscalade_247|60531|27|26560.00|29668.18|false|0.00|0.00
AudiA6_092|75889|29|52444.00|58004.44|false|0.00|0.00
ToyotaTacoma_005|111458|15|36118.00|39699.43|false|0.00|0.00
VolvoXC90_192|68236|22|38733.00|45705.75|false|0.00|0.00
KiaSorento_065|61333|28|11176.00|12363.72|false|0.00|0.00
InfinitiQX60_257|31028|24|30466.00|34902.61|false|0.00|0.00
CadillacEscalade_243|44512|30|59624.00|67204.54|false|0.00|0.00
LexusNX350_163|60976|30|55724.00|66812.59|true|69018.59|13294.59
HondaAccord_012|84840|26|23895.00|26897.90|false|0.00|0.00
MazdaMazda3_121|18833|39|21205.00|26381.53|false|0.00|0.00
Chrysler300_224|22038|28|24701.00|28099.81|false|0.00|0.00
AudiQ7_100|28028|29|36021.00|39900.73|false|0.00|0.00
ToyotaPrius_006|105072|30|14549.00|16226.96|false|0.00|0.00
Ram2500_142|94502|24|31275.00|33978.19|false|0.00|0.00
CadillacCT5_248|20026|18|56765.00|63906.94|false|0.00|0.00
PorscheCayenne_202|48492|18|50889.00|56181.65|false|0.00|0.00
MazdaCX30_130|63743|39|7565.00|8427.09|false|0.00|0.00
JeepCompass_140|69733|22|29164.00|32142.33|true|33503.18|4339.18
InfinitiQX50_255|15180|27|22503.00|25305.32|false|0.00|0.00
CadillacXT5_245|43054|28|23897.00|26804.07|false|0.00|0.00
HondaCivic_018|61155|42|26121.00|30298.01|false|0.00|0.00
AudiQ5_093|23906|31|51914.00|57936.06|false|0.00|0.00
CadillacXT4_250|86148|27|21318.00|25709.53|false|0.00|0.00
JeepGladiator_135|37105|17|25090.00|29320.99|false|0.00|0.00
NissanPathfinder_044|54672|29|7070.00|8821.92|false|0.00|0.00
AudiQ3_096|28861|32|53108.00|61287.08|false|0.00|0.00
DodgeHornet_214|64459|36|19157.00|22999.38|false|0.00|0.00
GenesisG70_265|54019|23|64299.00|77017.63|false|0.00|0.00
TeslaModel3_181|31945|126|29005.00|33420.85|false|0.00|0.00
ToyotaCamry_001|8278|27|17103.00|19441.56|true|19758.20|2655.20
DodgeChallenger_220|17015|38|13950.00|16687.77|false|0.00|0.00
Ram1500_150|104141|19|39385.00|44681.64|false|0.00|0.00
BMW530i_074|54025|22|64040.00|74358.68|false|0.00|0.00
MazdaCX30_124|40179|42|17561.00|21560.64|false|0.00|0.00
GenesisGV80_264|22945|26|56773.00|65924.48|false|0.00|0.00
ToyotaCamry_009|80674|35|10066.00|12136.43|false|0.00|0.00
InfinitiQ50_256|25987|30|38745.00|43965.26|true|43290.84|4545.84
MitsubishiMirage_279|108445|25|21027.00|25171.33|true|25377.47|4350.47
ChevroletMalibu_033|35161|41|26282.00|29778.36|true|29839.21|3557.21
BuickEnclave_235|57262|38|20631.00|24952.00|false|0.00|0.00
DodgeCharger_215|59935|41|26245.00|31791.63|false|0.00|0.00
MazdaCX5_123|85728|32|20193.00|24558.65|false|0.00|0.00
FordBronco_025|84818|40|11683.00|13119.14|false|0.00|0.00
KiaSportage_063|77309|38|21014.00|24883.43|true|25949.85|4935.85
GMCCanyon_155|90385|16|16606.00|19706.85|false|0.00|0.00
MazdaMazda6_122|97708|38|10332.00|12040.12|false|0.00|0.00
Ram2500_148|21838|23|23129.00|24986.75|false|0.00|0.00
HyundaiElantra_057|6025|40|28602.00|32746.62|false|0.00|0.00
DodgeDurango_217|9288|32|21204.00|24015.45|false|0.00|0.00
MitsubishiOutlander_271|12362|42|20206.00|23764.29|false|0.00|0.00
LandRoverDiscovery_281|26537|27|44925.00|51089.96|false|0.00|0.00
BMW330i_077|49114|30|50599.00|59339.73|false|0.00|0.00
SubaruOutback_111|66644|26|7635.00|9256.32|true|9661.28|2026.28
JeepGrandCherokee_132|57056|23|31942.00|38317.49|false|0.00|0.00
ToyotaCorolla_010|15458|33|14628.00|17992.04|false|0.00|0.00
NissanAltima_041|63082|26|25033.00|27903.94|false|0.00|0.00
ToyotaRAV4_003|83907|40|6746.00|7988.52|false|0.00|0.00
Chrysler300_230|60872|36|10537.00|12365.59|false|0.00|0.00
CadillacXT5_241|74507|27|35942.00|40203.56|false|0.00|0.00
BMWX3_072|48001|23|36915.00|41594.01|false|0.00|0.00
CadillacXT4_242|22184|31|44945.00|53998.94|false|0.00|0.00
Ram1500_147|93987|18|18988.00|21110.05|false|0.00|0.00
HondaCRV_020|108819|29|16827.00|20015.07|false|0.00|0.00
BMW330i_071|69694|31|36577.00|41110.67|false|0.00|0.00
BMWX1_075|78282|31|43702.00|52997.78|true|55443.74|11741.74
AcuraRDX_172|17150|31|40104.00|47832.88|false|0.00|0.00
HyundaiElantra_051|46467|40|15544.00|17574.65|false|0.00|0.00
LexusGX460_164|62165|25|25552.00|28682.37|false|0.00|0.00
HondaOdyssey_015|13675|32|15634.00|19338.80|false|0.00|0.00
